12
-20 -3916237 -357920 -3620601 7374819 -7330761 30 6246457 -6461594 266854 -520 -470
4
5 4 3 2
6
99 8 24 32 47 1
10
9 7 4 10 1 2 0 3 5 2
10
790704 -70089 411402 -976236 280984 87194 459285 423775 -775218 688155
100
950672 -123588 -21064 -398351 -634183 533344 944306 -788821 -277243 221371 -721950 599727 956898 457257 -413215 618851 358040 542399 -338406 409579 -747506 -293983 -905766 -536238 -392178 -453975 -96697 496067 815780 -931198 -825669 -242435 -74872 -445508 -268144 411926 -926167 -5235 -90258 49708 -814573 802536 109936 -848657 589685 -590019 206513 830759 447635 -917960 17533 47722 189049 615315 433312 787389 485881 983832 -239098 301944 835912 -182362 -572777 242375 -702596 27788 594760 972787 -331764 -596264 -495936 -914244 -79816 785533 -551512 191458 61276 503244 -63991 674295 -157018 702899 -506167 498174 452746 902554 53023 560406 993422 854604 896219 -899231 455920 -755992 150611 -58576 -71847 -849500 907034 -394292
1000
984814 -355713 -615830 101312 384256 774685 665067 242494 -320164 -614859 -723906 213424 -623711 854649 270902 489031 -292908 543333 855659 -459878 736743 -698103 -106982 569187 -859447 -236512 -196549 -224058 677159 465420 355318 -140725 676886 -744872 -516167 -197353 362874 -252531 -472197 -808152 -286108 829595 -553666 413657 -447269 -406031 -228997 -257294 -220110 -791259 -156219 346366 348815 974746 -437421 -349182 36761 814433 -815494 542354 687800 66140 204618 334802 -545528 -966106 945453 311680 543496 -140955 -689569 -439353 -29611 78511 914985 58314 -696431 588597 327998 -525413 458956 -865085 -730583 998725 555092 -969447 678990 312589 -417647 208698 569409 104012 445663 -32304 766782 -641367 -287380 -25944 -806126 89114 -378731 -274998 659246 -380936 289694 138357 -925295 -270494 437957 -742783 79600 21060 299688 -127257 265363 187122 307719 -998758 903799 761969 208166 -643491 29699 488522 -635092 957302 52715 -439201 96277 206158 91570 -212158 938176 539 -788571 553990 52622 -118653 -82397 -215672 579475 -723840 -839355 323584 -256132 53678 -792665 932735 66370 -353432 -210102 611765 183041 -44910 586292 976535 755942 -435890 -956394 458071 445712 -60752 756507 123811 307144 -567992 -687348 212862 -344057 -167306 -20441 -993105 -851436 -406592 607387 361859 -721824 802060 -22179 -754338 -686890 -986449 -773518 -55962 312170 -166491 -989159 -16767 -771822 -266423 16102 -788891 -253521 414255 -639878 -512449 -489209 891722 -638647 958651 559911 347885 16116 228976 -143983 -520119 688829 993563 917098 815756 701502 286308 357678 -381448 -398898 -337062 -525849 37760 -433063 -325247 -558698 -40826 717771 793497 380254 -984506 -337128 -17114 317280 -24218 -989815 97619 110452 -962482 476874 634098 -949348 -134022 -520149 -250041 4807 -627372 -741763 -886394 741723 -279588 -472796 861089 329968 -570909 -70731 -341489 -294488 587627 399979 751874 -574680 227564 -960435 13610 657502 -920842 985874 426986 -706509 200537 782004 -688302 825795 548392 501977 497095 994234 -737082 -811725 -836496 -688927 47528 521307 60962 451775 171212 -457721 -257602 -932231 579866 524168 253244 -157771 29121 -879181 -953222 -987843 -446083 951412 93007 562262 262086 282445 5674 899604 504245 471000 450398 89296 245559 -669640 486577 414693 491745 103255 -215937 -115805 -519174 728263 -919368 -181837 -48606 -344440 498950 535360 -66144 25772 -8868 -386518 -969114 -986102 175521 786553 4021 -102960 453550 -409827 904601 948522 -293193 577856 -921398 416264 -245316 -367616 204820 -206270 -274477 805918 -502922 -417848 -865559 723363 -920031 210614 557371 -43553 -643792 -256134 836604 846655 -520876 -901271 -439948 -599178 382176 -426214 -622965 -994266 226053 -948764 -953392 36000 -597455 -466638 -134608 -960242 -108585 -41097 -327434 772307 -861182 -319633 -175691 749130 886851 723470 -936210 -854298 488789 9677 -465835 -590005 -348295 -77703 72679 -744936 -863262 -818118 494769 25840 363745 730351 690246 349977 -114825 -21163 -734324 -985236 753896 -258271 -164378 -379338 608111 -440382 -31374 -765621 202093 717623 392534 -494270 593955 567211 -130305 41337 397510 353491 207554 115407 -222629 434026 -78625 308408 583850 807154 71972 -133310 383579 -808655 -815254 536323 -427151 221010 -870750 624915 136015 -338116 73638 -810805 -401010 -265083 -877604 218190 -440848 -186162 873410 308568 -135894 -502960 473095 266173 698695 682853 236863 -164224 243690 -108099 740164 -792735 -858293 -146018 -173347 -820539 847945 196412 296058 943561 -48684 577651 -310190 -390001 337181 213229 -410143 665392 393903 -455199 -13332 -641255 603555 990273 -432179 -445477 191481 245044 -524719 676004 190420 418202 -652360 -292427 -975987 -2732 280342 -331986 -377082 -510265 -570085 595878 -459840 537207 -120153 -693873 705649 -266554 -542195 -894902 -5221 -854742 -87651 395507 579760 104494 539313 -728799 -312693 229938 534313 694282 -487184 316176 -354004 209932 -413952 930844 -307692 -818096 -158359 642176 -326975 593414 37576 -75948 -905557 692564 -97100 588814 455680 -410598 650464 -559834 510652 444327 -427554 39121 637487 -389676 61042 956188 -296777 349029 -558229 215297 -260471 704321 -907502 564764 957022 -11566 -37444 -615180 144375 -419046 -650846 891002 -929135 435271 -951933 828814 906778 102363 -464695 -937982 143473 -586375 -661253 704980 -51507 939958 346849 945605 867020 -17731 65037 -270512 792443 -115153 -356716 54555 -862034 -931831 -362666 141691 -23084 498072 -788164 -89374 408428 -761075 -624212 298734 -58276 -496325 -502480 -781317 -134461 -850167 319924 -990590 -383309 -418030 -347449 806853 249279 332185 -46392 -476396 641204 -79380 33750 279306 -589800 899413 623216 875979 -519771 -711639 -679269 -6142 950652 423358 -750698 -489616 247428 -633052 154979 316488 728848 581959 -417734 -874652 708770 545881 263267 281242 9635 683226 306572 -814839 371435 348673 -508088 925716 -684928 693559 482939 -602299 412471 244556 473619 -437839 947948 -553746 -244833 976763 96112 -610743 263664 -174979 -660357 111020 667901 273230 135256 -602971 -285310 -639522 375665 -236446 41329 -847943 -297679 182740 -704355 -314534 823542 535746 -453885 135657 -203080 -513408 -401508 610841 881320 -502855 -59479 -877117 479716 -263462 733317 -37148 789277 644997 -838096 -310803 -56339 -250737 -287836 -621544 662147 -565397 420784 86277 -674310 -777949 233 -886934 819088 687767 -292687 -31477 728788 -579652 -258475 148785 -444841 967244 752416 -550651 415804 -523061 -352376 -134217 -876685 254941 120865 587982 -647316 -840252 -498249 -320599 225451 242728 -429203 570209 -336666 494905 401430 176583 27948 971991 26701 -981941 575815 459388 -992985 -954534 752341 41842 -177085 20233 683171 561231 13024 709321 -934627 642771 459347 941716 -756036 398470 -195893 25708 -40836 -132485 442785 -447008 350234 774631 556063 713312 -870916 93140 -469259 575940 65562 997234 -348846 -261613 -287141 284578 -9062 851874 -983253 -609554 449557 -669600 -853892 309032 -586308 -570110 795160 -833205 8204 -232014 707585 782018 -890164 841418 871621 -227721 585119 539661 -71972 -494828 -430063 -156772 -328682 928087 612266 -838264 -17934 674346 -371970 -123178 109556 720249 652141 -546219 -900490 875619 -601090 81516 -916963 973453 -976836 918682 -793574 -621388 -487046 970228 855111 372544 -594326 362014 679770 380362 -89795 145742 -431206 -243243 -312798 -486088 -30445 -802888 665685 -272021 593162 -701929 -958743 547703 -876304 808176 635719 -488022 -6577 671190 -569728 -813191 415623 -415641 561859 27427 161503 -841249 -479550 -534013 280192 -320084 874741 -405980 -226513 -965529 -82072 -538755 987015 -525626 -670859 -860648 323409 -468754 -562692 -965196 -942050 723127 -614835 -186721 195338 997448 -910774 -227919 66570 -274440 914733 879970 -148865 -159387 -276082 -245544 499774 351074 -125309 -977935 604722 201406 175795 543401 702906 289218 -232619 934309 808491 174600 -736398 -955982 -42226 -625 691264 803523 -494621 -247750 -878296 -786858 -588777 -838418 -135411 458095 -785249 872972 -506817 -933519 726630 -487214 -693233 -57658 465364 27876 211119 -265000 -494656 482264 871432 398788 3905 -930764 -705664 -833575 -815699 -957644 -362714 475740 720136 -128869 -702151 26276 954402 907907 -504641 -676765 730556 -922344 -675020 -851949 934468 -252492 -571551 15265 -56072 255522 695217 -236623 -534112 -974275 -539658 855100 -857802 628711 136452 -305045 380809 -242475 -857083 -782254 772275
10000
563657 676953 889845 -361722 -149644 -901024 522513 580238 -94714 197571 387373 637425 984917 483638 -69665 786952 284732 -255353 994638 654996 846676 -126660 184799 933505 706539 -757770 750413 879413 -34067 -408094 330361 734009 -579259 -491922 -589589 -36407 81053 351841 -14696 559436 15382 -582994 11973 -691528 -206854 310670 -428348 -814030 405058 359898 -900624 -131588 -317468 -705829 -290418 576650 -452764 -691452 506022 -524566 -292556 665813 -931102 -359306 -646781 68266 -26204 661830 -730977 532222 235807 657990 -70323 239136 735394 -625842 734129 972903 -959672 -666772 787065 -315601 21231 -713669 513212 -111757 -830716 663443 -930145 -12179 -359699 -177034 390111 -630695 629005 -333430 126436 772077 100976 448036 70375 403690 814393 701806 885426 -524035 370184 787743 429681 130876 -61518 -285710 271262 272288 -94379 550478 -73160 -477883 -35747 582756 224297 86257 -228220 359005 -79836 -625577 -911464 -549386 240495 -807346 -819224 -957437 852614 347358 -865089 699835 604314 -683619 53813 831049 -199497 -87906 -267302 -402580 677596 -630868 177211 741577 -55485 217404 901689 928353 -766289 198616 683662 470735 -299429 182351 527014 -729978 238032 -121510 781168 826736 946561 -594737 -430529 -262104 910971 435358 896792 -787404 -384428 -444051 -267319 190795 -418283 649598 590990 -526874 435442 747357 -749506 753640 -942517 955095 -652071 -520770 -733049 -223492 -381413 116552 -253472 485072 539217 202225 670156 -227138 277813 -362594 -288672 724663 416703 -810650 554079 -260074 -799957 198774 619076 410965 -424176 574350 -84922 367697 -355864 529291 72963 587420 -965223 -787634 -125417 562829 35343 -673504 229967 -699402 756190 557976 -332500 -192947 -836013 -282012 370290 644842 962967 233937 670040 434040 609748 515869 -551927 -145143 -364565 353967 -924716 -422416 -256535 966297 -115184 746689 446834 916036 988923 754928 -658506 241378 864803 -358634 -887751 716842 -618742 -674529 -930211 107477 656864 157513 150600 -454201 23712 -493122 988721 -549279 829416 -626757 103422 795142 955949 937763 35882 -423905 -809350 -227068 -339345 877222 733564 -663957 -754599 -733966 163494 -332806 982156 -250363 -438827 880633 -644983 -617879 416263 -901997 -24279 -145694 897384 -899146 -400108 -931923 458009 -748364 -410058 -893426 439515 75144 -431514 -541564 212365 501436 -626543 -280466 -430655 316077 -815253 -281866 62966 196041 163543 572100 476417 -449625 111050 -273116 -621399 -160459 248521 538714 872623 -670887 -803588 -841468 -526687 -623288 722671 -848495 -878604 373886 522123 762751 94301 320017 -49025 -194455 -557809 -956453 250374 -791503 449913 -596138 -170889 858698 -407488 -461122 926105 -624679 -133882 -509191 -346481 120625 431308 -510999 1885 333425 -507170 169656 960108 947359 870176 -190805 20841 -907069 234487 -167181 587240 22744 -338999 764920 565872 110188 352195 -700471 -939979 798154 529090 174681 512077 507307 419081 -344881 -7521 -312085 -430230 176861 266283 -832433 347000 -317283 -299051 -880652 -124168 756399 112074 -665823 -902976 341405 -280842 -522779 -942217 -112830 976720 31012 -294155 678602 97762 -901592 -30733 662985 869313 -483245 909455 -394180 -848644 590838 271329 -146062 482596 687151 221756 545408 -563118 933410 -83658 -29588 269030 150736 -188468 582030 857611 874287 110760 -651607 -809455 -279099 -722047 -492876 493106 537376 423201 585479 639066 16865 356189 -339250 -927857 603665 -129126 522019 -865321 -575812 254902 537050 -688871 548736 725196 -922656 808180 -795746 810078 -787509 -483238 -163818 300206 204497 625276 953943 -354869 -550390 -15773 966710 445453 -805313 -143986 -353084 836930 185400 -493230 490679 -820308 393241 727621 -660101 -770217 -996316 585052 -261160 -24224 -916750 -382226 -758934 814209 -133678 -188688 -685689 -664256 -98033 299087 -405107 880213 -184646 -20037 100414 976505 43456 -670752 171004 -806119 -821241 633073 -306950 864873 -989412 657373 -41871 498457 -376167 835864 875295 14409 256907 489219 21128 106247 219408 242329 229256 313294 -635621 657103 -911494 -283126 -297558 796976 369032 553774 -859577 -992317 -728856 -385178 977429 780573 -724174 398721 202657 -303480 623275 -855584 -796818 -176672 -691070 -592617 311475 -846548 654326 932537 54512 -784492 567211 -842151 -45966 -66842 412042 -364841 5874 336074 400163 108191 -1830 348764 -9985 940789 -513364 167327 960891 -817695 491846 -804129 -249005 -971363 648438 -461960 724422 -27982 -298529 -25478 92505 -530560 643922 -892758 -525769 -799805 -512212 -921800 765520 650464 73612 -660576 -103779 -369075 228944 788833 -860617 -875702 -823475 362744 -420483 203230 -697861 -412475 -280143 -505230 -246636 -645217 440254 -820998 -835545 -662917 768950 -88984 -260322 883743 212864 -373178 85583 515246 811389 322892 30364 -99741 -242476 -30450 334981 636241 -700897 340842 808963 -734834 245158 -595185 15979 604499 -323154 -878657 686743 -621804 263668 923828 977722 101795 43985 98010 -823761 -603518 -932527 -861378 193550 -536855 319133 -401140 -970052 676156 -898057 -953473 -474287 -861932 497956 -340203 -739051 -701297 -102476 257648 -760101 922599 -36671 62153 -465356 -246799 220929 -776922 -313577 -431235 541682 149031 70739 490939 34916 167881 -159620 -179885 803339 -313528 396574 818383 95824 -930751 978221 75793 793664 342724 -618706 320739 -849461 181011 448362 -384530 808007 -611305 -27834 -996039 -642281 881869 -162505 -684052 -884100 -516038 -354632 84154 19359 -855665 -701812 225520 -134603 -793423 -931480 962291 587349 -789316 212783 861028 -544356 -913422 -642657 -708415 -546509 2454 832970 312669 -814197 -639282 -384246 -535727 707694 -984864 384040 -416233 -435096 -558483 -712868 -363196 -193562 -119339 -329198 -810647 777719 -993124 902056 49955 -592402 -800573 169630 -432425 -513734 -628803 -722661 -131155 -619730 -853413 708773 -361486 -541435 -407994 -842543 -29461 209663 -815343 -661961 -776465 -105777 -738987 -895292 -314946 19372 -927730 -230208 -818337 -590277 324974 -797505 629311 351691 150603 583587 422188 839771 -486950 97295 -192397 7286 239839 288255 -301048 -108763 -443777 138000 896784 736168 945852 -439009 -248006 -417567 243446 157849 -346346 -430903 886045 -959785 -977538 -501718 430967 -529966 -813685 370473 731970 -939396 -396140 -470578 -795423 -104500 273027 -978101 412810 124402 -878298 394151 -608558 665918 17189 -853164 140400 -182230 832770 904034 -236053 -464622 580822 708289 -321963 762450 635869 -758845 -21034 736739 -442061 837461 993078 -552443 456889 -262646 -923812 998939 -945719 -358036 49373 -616738 -104967 -73821 -475123 657074 333919 -217355 490341 432861 446654 317586 -697500 -879446 -257834 43649 -493755 356433 751446 909437 633839 -136407 -253489 -219533 645937 -129078 -893136 597682 -409902 938252 -533096 -340084 -345839 -75585 464146 459300 -256962 -710822 617225 884752 26344 -322375 -354362 -156463 -825344 170095 -45950 958670 -173382 278421 -766474 -48165 -692783 510223 172739 641920 486053 972027 -420990 -384972 640648 -404795 565899 636950 623247 -787937 987813 -552787 188593 215132 -186543 271483 -755409 410480 -257572 -938902 -932456 717474 401592 -394495 242106 185281 960128 -553836 845015 533489 820329 712461 967656 -559156 89792 -549195 571431 -961033 -653960 145243 -442160 295917 -569703 126039 293522 973581 -177627 411931 809917 927867 503465 -218728 459260 -255318 -429574 22762 351899 -467698 -736868 -222246 601849 -297376 28992 20264 387076 63371 294069 32144 482066 552331 -938015 -433319 661233 -218315 -630104 605706 -272031 528 -363579 725746 643739 689005 -383107 -647039 -620369 -635514 -765332 -729998 536094 908723 -632444 712732 361037 953792 -244499 813910 66126 -284646 -507230 271496 317504 154727 -953437 -291383 171839 -818867 -949819 -918031 726298 -184706 308122 746684 -249567 -391598 702666 250720 695017 66295 226744 574967 -180126 -207039 -417439 -824002 -825825 763575 578100 462037 711662 -387815 3843 -67700 -908651 354016 701219 661946 -931874 283993 -981377 -512804 -21377 -774104 -622244 -531491 931534 -916608 141976 920389 213237 -321194 -93856 -984660 231165 623574 204752 -878721 885528 777969 631139 403989 825383 490500 88577 -845912 502656 276524 542989 -706024 -501285 -704128 887243 701505 -758369 116921 826630 -235532 -380428 -481762 -528397 153375 186795 -714968 420009 221852 928188 -735209 -527409 -377324 278525 482137 -143040 -487758 737348 -557496 -193175 40607 -949677 945109 189203 -954800 -904198 59025 134560 737184 40388 -796005 -917794 -991480 -217576 771946 -914822 251785 -842077 705570 -547306 -858074 371034 85626 899083 120943 689312 784245 817754 -906077 305472 -105970 34270 384025 670789 -853120 -499625 403216 689343 -826244 -498742 808249 -568517 311490 808220 896250 -413747 -877131 819072 334219 -877474 -509099 832954 575927 -928904 -428001 405129 -832788 155951 -390970 44475 -719259 -73319 -981625 -949063 -491416 -836089 -204069 -630999 485374 925275 -204769 578095 -549297 317241 -561610 -138572 499290 640375 114209 317050 -214941 510315 978020 658792 982869 -312545 -495265 -346029 -85986 206970 498652 293143 -742881 -615283 742771 309161 -30069 -965474 -47260 307654 -548190 -439040 916054 -993014 245715 -30568 959968 -546327 801480 737735 -950059 69747 909237 309060 -597756 837368 646441 -302118 -625830 682039 865755 -674996 145671 67665 654596 -806029 709784 -735301 -536936 -132163 -413625 -154341 902284 -788120 589113 -569495 304105 610989 658870 933241 -225853 856469 -12492 -212900 806425 -105177 643221 -959025 -462246 926001 -501561 806825 713631 841100 571430 -931267 -993642 -860129 310967 594767 -942050 368952 -376107 -260410 -93426 402730 212825 -679809 -673114 -746320 -772765 -524851 -446613 937544 898422 860669 -787884 -925898 -790885 183254 -486022 438113 154696 191026 83631 -516613 -195380 -44484 -129459 57153 -474236 -88304 900237 -731508 558559 62168 -897096 584065 969172 -529254 -481118 722236 996708 -949658 591163 -684131 894092 347201 -78751 -880112 -369301 629202 -39449 130162 821158 680057 994330 803334 307690 68688 889333 111433 524997 -312499 244986 977542 124536 848120 -317535 187252 -693273 947620 -928512 -747849 744882 -161395 -621715 -605153 -397508 -794423 482110 -268105 39067 115931 393477 758468 383446 -986262 -957362 -546961 95659 649773 797362 771238 51418 754439 252999 680238 -230965 -398389 -684889 653730 -63462 216470 -857055 -696899 -747991 183972 -964312 923536 -922828 -882010 -495093 776907 708035 -402514 -32833 -357367 688404 -152051 729375 -356164 -441352 778606 261506 284971 284017 620262 107993 923509 164466 -463970 777249 364512 -19576 -523798 877717 847240 495863 -379467 458786 -135170 825689 -32641 -423664 -149504 -299337 -519306 -791950 -646638 -49465 -469343 939804 -299542 -373597 -642148 -396363 770901 -851845 981026 110767 -402690 627873 -300661 980841 80602 117134 -946347 -910975 71475 -176973 -809446 -623671 980823 -594376 485479 -991471 400100 -400445 -240807 697720 -836057 -908158 -129227 180227 -162737 857232 904456 -390126 -207128 96337 -251900 599098 -596389 466427 -11545 -894619 -180871 790289 -607432 416961 975016 802341 941447 -759341 806982 -50018 -371474 -738578 -776783 571571 174357 -21525 572234 726129 -261138 412529 978542 -607459 56264 -837446 -740150 139866 754093 708433 352160 -947269 521662 -66298 144513 -930667 -735615 -112857 -927609 -397469 -260376 -273970 723106 804717 564468 145202 -909182 845353 465003 879021 770850 461430 -435307 -781417 647330 945118 -445469 102090 -898406 550331 424997 -135293 602129 -207523 955943 198950 191189 -295542 -21597 931008 508458 851871 560785 370478 320528 -139603 181500 -236548 570477 956729 486974 -72930 -816416 798769 -157025 919115 -746765 -611553 726390 545815 -638487 312018 389557 -314808 463207 -486051 68199 -575495 35479 118018 -206829 -305949 -386786 358153 723940 85102 -808415 963404 -611730 371797 -839635 460320 653736 -375718 185313 505665 -956383 -165433 510838 159863 876069 -657182 94104 -267977 553346 -438244 -381805 30091 -342328 672945 -532236 -295903 908788 53036 460609 -667132 -807961 -975819 -846538 342999 45566 784261 478549 -668448 264976 -509567 128282 -397026 594123 867811 -542301 -123459 -716773 646526 -865815 -28642 358955 515048 -539443 969985 378654 644095 -192549 645570 -275299 -384037 758454 463143 425243 -725365 392604 150636 -185544 569492 336804 -759863 717853 531520 48690 987399 -171775 -79981 -767845 187884 616612 -700050 -109882 697496 -228498 -421179 -978844 -703951 -744273 -914006 -559808 -61503 -192555 201957 494202 272299 -609223 -44750 304110 93181 973773 -86277 -276897 -975847 -723039 -71487 669487 553809 347196 -524552 -437093 -315748 352324 738209 -356017 646947 679272 -323407 199900 -743703 115609 -258149 -430963 -991265 -250132 329144 774071 -598138 -729472 -368059 750076 456082 832126 182127 687950 800410 -156670 -658963 -694892 -954715 -353163 -401391 53194 -976849 -588377 -947267 332035 282598 659341 -376313 -524353 417821 -238358 -62149 -152794 962011 195284 -866916 439733 326083 410266 769260 321363 512140 -783916 -162842 -779190 -492211 -974670 736279 -510865 443702 -827961 403380 144011 937700 441107 986907 612314 -937923 -651347 -444628 759504 22969 111333 -501704 -404409 222878 191151 -641979 -510936 851890 778343 860284 733177 268788 -76848 212297 -466961 -499158 -48234 -624442 262075 -314351 -506470 -958700 870810 755181 -937702 -633101 196626 -201310 -960836 716900 -148842 -237967 -358645 -573324 644797 -651955 -617388 -394792 390071 -791215 991687 803297 -378972 -559093 851951 -518552 -901079 618736 657880 -155248 -635848 391791 -686814 -173336 854108 -952079 -932453 836703 346875 100818 501273 30228 506576 -801288 202365 -363488 -917683 -76835 968233 853451 -612581 284350 -840878 -874166 -914270 -825632 97525 -28567 -616164 492764 228702 -292790 -177336 120883 -437646 -887567 -15991 611011 -351922 287332 104964 -371663 -899124 -122467 691642 -226717 -983314 -92620 -724238 -762488 898818 -514994 -668125 -662617 -917059 809412 -397234 353706 -984730 739611 -334856 566293 -350275 -868959 -885114 -268814 178497 53646 575589 578931 -843234 136287 -473631 993685 235453 -453246 -484461 973407 -318336 156698 277913 -965518 290730 -318566 364599 922803 -901373 -106667 579736 798875 -649333 581197 -855932 -127576 -558104 277404 774353 474496 143864 313419 884245 153887 69932 129362 -421323 220168 524664 952642 980443 834382 -28248 421770 -700707 321479 500450 -722807 -81792 639576 752085 -438714 -319573 -751528 233627 969051 -776102 -597779 857347 -768174 -532676 70546 386658 861137 -589053 -119737 -148448 920748 -359351 78846 947949 -934308 640109 -765777 911882 197711 10005 -552461 -669348 887271 280380 639150 -762313 -365691 -382241 318239 -473740 -767700 31326 985209 390437 -782123 217511 -313969 -506041 -228948 660803 -651367 -314709 442769 -107765 740027 -223011 295766 -454188 644528 -589410 -663488 687000 -758500 -201610 281880 -496315 -208705 644111 960946 912859 -321570 -465306 -73898 -131366 -196123 166283 -330129 318030 -968683 787809 -356735 -412791 -374508 -370900 -862355 436971 -433145 830645 463392 789588 121045 378038 -567167 103061 -565297 -947548 -490774 -39636 -948916 -236706 -192487 -920843 427291 819344 135731 -646977 23380 -371621 229067 -891140 -39275 12731 -824364 877927 -430805 7540 904065 -841291 999658 974321 432035 -687394 769409 -655909 -210557 619019 403868 509075 -230910 -143679 942324 718745 -235013 452711 -541387 165789 -763181 -229626 55926 40627 897947 -945010 -920420 -531830 346936 -987684 -869538 -435942 632541 699519 -507104 -33436 -17890 620902 -461822 797548 369400 463897 932237 -210834 -897358 237956 -61187 -120876 -595848 501792 716358 478615 -890919 799836 -49957 -733730 406016 637371 496123 -882697 -809164 807167 -464378 881490 -280761 642202 996175 723511 -976537 -578059 -361467 771641 -12534 291997 922308 -198292 528712 347747 23966 272247 827999 -117224 461957 172780 -91033 -35550 -694654 -787118 -427650 600054 -241447 599671 633488 -816162 965799 -495857 332668 -505950 -720490 -60655 -57916 756097 496231 -639367 -680228 -944293 -773065 842062 -884967 868066 951742 550771 -41135 -360491 -68527 261808 -607549 -575867 669149 -94875 949637 -159742 -675776 -972530 -597244 -339369 -89971 262399 29741 985415 803173 723633 -150632 657118 -592081 832791 670944 319753 -593399 518974 193719 -322974 -46070 -312365 -801666 -288916 -6975 -346077 -647427 613216 -431208 -556234 329974 280396 -454803 -487356 -735149 672691 128286 -12421 803575 727189 379339 -136213 -623412 -969958 238355 450659 -812441 -784699 -736894 -913040 -368104 -863653 -335810 -952971 -241312 -443893 -507408 266588 388277 538071 -194378 -463432 741101 -385840 682310 -351641 60232 -821774 -347895 409767 -385365 145897 348393 -246829 -610679 -350116 -379696 -679202 274246 -830922 -211817 -142143 725760 -619286 927737 640835 -634675 987741 -686579 888434 -683786 861145 194144 104963 -128112 -221140 981407 874755 -342448 836150 -917740 -120986 245859 95337 538232 -879594 903448 -30348 508139 -129314 776170 -236121 -901681 356837 -360085 -26033 -593638 948802 -992190 291371 -615494 -796381 160476 -206363 570149 -872600 -182084 833113 -799218 521706 843141 -269017 -599297 -713525 783577 57514 234591 -629210 -325642 -915233 -50453 -83292 520974 564015 258179 744038 327331 393553 319615 -258749 -886180 617245 420962 -470828 167714 285839 238604 720476 -259777 -56729 -240507 98536 -770920 506864 -165249 -556447 297966 265604 582832 -513065 37783 39179 135723 929488 -748403 -768110 353283 -322341 -326088 519891 -861149 540151 -556729 -88421 -163908 -561987 432908 111991 -222181 997788 552306 644768 720309 -806568 647913 122841 822258 431998 -426421 -849600 -891719 -238653 -359903 -711589 691333 527521 -105610 19828 -839893 268779 535427 -856399 -622833 400181 147761 -583868 91569 791359 -75877 -172521 -972458 633194 880942 642951 -13511 -75159 206948 -42274 135284 351779 900615 -845665 -994087 621747 50450 -303046 525198 -5691 176798 -539751 -631 -135900 105355 518397 747816 534452 750289 727553 373071 854 -64950 206154 -174600 621989 595489 -111183 917167 -783433 713315 587531 118959 -864376 846101 -236429 251006 552789 -915088 -169938 468281 569040 173094 -217510 -103288 764153 -768620 948816 294912 -94974 632993 -216458 -602334 620574 -315391 -670829 -28963 -375965 -928678 205573 -399032 970088 349008 141886 995195 375639 -429674 -884496 658197 810039 592127 -118495 -801851 366219 130854 260388 -616609 520183 -362463 57127 -838036 -866177 51754 494814 497965 -53157 -169774 -713933 439685 -485361 -122517 584888 781377 -135455 581558 -460426 -602062 -344946 190513 -680151 -857307 -400702 -218384 295947 615411 988269 -478494 121729 -470418 896483 663440 -438028 599792 -651846 202540 -198673 -682940 -825374 -891883 12935 373664 511043 -897620 18624 328336 -975261 -115744 524270 -268982 -749610 -951715 -928397 919461 -454804 -437986 488029 468885 -863138 -528250 -842473 -367287 -398408 226807 880244 385087 776926 405204 -749504 831291 558223 -460456 -592219 -611820 220218 824982 -987055 -621794 571717 987484 174725 -39806 -434790 537129 -827833 -848950 492503 -494231 -624485 461325 -288845 695436 -176634 556058 20647 -431697 -543936 -934573 391189 -349539 894897 -229803 -338777 123001 -303244 441477 50948 532387 83179 912030 356023 -683576 366719 -276326 -319026 210725 868485 -82596 454305 449028 83290 298061 840573 -875004 697265 257790 -88411 759003 -356103 640096 999271 -985447 417372 -323813 781851 -571037 -472647 -764588 196699 612513 -911227 -335002 -214203 977495 -394896 207652 -664638 360507 786945 -397961 427391 -535844 -351737 -886866 320564 958076 -554411 453090 -935904 -346075 -520477 966705 -444324 -504172 70086 -821367 -162710 65001 -396273 643976 244500 476762 404735 -191116 154431 174399 -745957 535705 832737 -897914 -430421 -817338 -880377 151724 275494 -144825 -629190 -112000 -85403 851182 -65024 -914752 84749 708958 522295 995849 -859293 162460 -107675 491407 -232771 514942 -443586 898169 685889 -195566 752077 -186375 528586 -886337 -89600 -39668 -267621 542764 893068 -861056 -423719 -669971 -878294 -857823 230236 -774782 -674058 -268434 -331237 -437839 -499204 410609 -377379 -749364 774428 708631 122722 664880 795294 235177 28493 -482006 -875710 -632944 -374463 75005 -456145 409755 705695 920140 316771 -297825 -478711 148023 524332 -910335 -458739 -500341 -664270 -419855 487808 295388 844362 -199049 -731339 976134 400001 28650 -159343 -853115 896467 -222086 386647 -313661 433771 -722876 474701 955314 -643528 -677793 -305516 315209 -44878 38191 243717 764989 470791 -129318 -414297 356205 -440665 -771939 -650737 -720998 861235 480500 -83120 409441 -786300 345256 -841642 262186 91116 418574 -46139 947387 163112 -788811 -483552 846786 -612161 -947672 -585765 687829 713243 -390507 812899 -908349 -525834 990987 -919958 89123 217315 390575 -676539 772988 726476 -669379 518535 382485 676421 -467481 219475 -335393 66288 -90693 678014 -680774 490926 -593253 -70983 542395 -443604 984987 -366703 -280279 832109 -543833 -928219 13959 529949 723574 724604 -578648 387610 362123 819648 -260696 944416 -698019 318481 -727315 -553994 199820 110259 20972 650806 -669971 -254178 880779 -514403 -973433 903316 -590143 -861579 -954601 258568 680799 -154298 -338373 -101344 390472 -35976 -896091 417203 -344090 -566562 -970907 -818078 557518 -669875 485667 272436 -867515 -975632 819834 873361 131960 -785790 884723 -28064 -650424 -667487 512414 -732709 933740 -767634 321466 971593 -823535 510711 491950 -207776 -992424 -873467 921830 -636514 155981 745719 -203820 -370864 84375 593890 -766825 655636 -414895 517477 917814 -346406 950957 -400559 125476 725519 530680 662965 -809289 -137059 -988467 602707 852923 -303125 -611855 239618 552247 -373235 684447 -401291 -633102 884198 -608238 124732 -368691 -684229 -835255 -935611 -481615 -365259 -870923 -218409 -359207 585718 905109 735334 -115767 636764 824838 530966 227616 519297 -510505 467713 175563 875620 -675370 -658851 545607 682709 -252924 684467 884887 -193916 74706 755361 -144892 77458 -869547 532513 868652 188983 -210264 -588538 -12975 101494 -603146 860567 -897880 -812073 67730 948332 292926 -662909 283421 -748914 967531 605362 -675245 -90876 789866 304471 921309 -469598 -866712 -427182 -205208 -445853 201910 -136312 -850281 -66052 -451096 258519 -944460 -595875 551789 491041 -796906 288059 -285402 -439958 991897 -366246 -382322 613164 -600778 -634310 -487900 779046 264370 528616 -748236 -224113 -31154 128380 -803545 -555519 -303615 -864105 -747141 -964050 -717238 -439952 -180642 993582 906559 -182800 341201 320334 732272 -489867 -871287 650786 -968115 -420237 4382 -921976 -662469 -416480 -413161 -78202 375650 537626 271591 -779071 117372 322431 -541839 -738314 -743494 -302008 150522 -456766 -9551 528902 -770625 332599 974752 -648803 373609 579113 -914315 -355065 419895 -670555 -260474 616704 -946420 222288 -441208 -299312 -543206 839749 -905862 731282 -43239 283799 -114002 -685281 -236290 323641 703046 309031 717687 397515 -373685 915915 630871 101785 700111 197585 -981328 -528902 185042 660445 -666054 -888411 -122555 854537 182349 628221 -342778 -541640 966316 512538 -604793 922362 334148 -350356 960085 658910 -615993 587498 -20994 -300461 -841131 -341434 -78852 311866 -333400 123474 41784 -564498 -663698 -358839 -849596 -975040 392662 -414395 69806 576879 -736290 -47079 -91416 814764 251589 71778 -600676 -918700 557792 43498 -476071 456488 897155 82828 -787993 -505736 -424035 90789 471186 -52913 -987367 -695076 240950 476840 -320042 -446685 -727117 -645144 -864133 229851 731197 -605002 -316555 -759649 -715391 899514 457644 276818 -947960 -680251 459826 -595411 943665 -739178 -823228 -827104 672509 -928478 -147557 72237 328035 60036 421793 952314 341873 449545 244490 71262 -880019 -601552 -939736 -542468 -613759 178021 936525 -248524 515975 -620127 473574 104945 163149 124539 -743676 -230804 334283 -918476 -676555 881827 941760 251504 930431 -499102 -658233 -968327 -283621 -768443 -889612 -224845 85143 -773900 -666363 -371986 37326 -724635 -855428 -399061 -257249 482347 673102 -3230 -396483 -321374 369736 -932355 -302295 830225 -772878 -312831 -32754 247304 446586 -158346 -14175 306232 560486 559670 -879894 361383 -142242 920215 260360 405585 -688963 -42340 -648549 -533185 728302 355933 191670 371872 -284449 29046 547268 -195192 -393456 773890 866325 -277311 -264413 -310366 972339 258985 347671 -939608 540384 720946 582243 -8209 70120 782834 233862 -620903 -25254 -884163 530003 -789837 218464 -846060 804422 -821483 -689695 518445 598589 739067 -389751 236085 -158897 690860 4403 -368293 308601 590310 785976 101849 -667027 -465191 57135 963814 -70503 224926 -204899 281684 -501158 -539302 -94907 454313 -252637 -875298 -816750 -522806 760384 -310872 -633498 -587364 -259696 91792 99415 366130 80595 435966 493493 660018 -889212 488606 -36294 679328 -338143 787926 141811 -654343 -147172 845362 -662364 290620 87349 -66809 349749 -822492 378805 657061 -469062 488715 -943850 412199 -709432 377042 -404072 -478747 -192398 384460 606284 -73568 -110494 906150 -234978 -761653 73811 -386583 -135026 -119854 201192 210544 138070 -513651 -412495 415174 -818813 -902911 -725431 281858 -550987 526051 562270 231543 -885469 -740180 -374843 -705332 -866273 -210503 -102178 609804 -420970 6777 -69850 804201 510736 -276221 -432501 358050 301111 -303131 710831 669367 811864 14095 360611 -222180 421307 -615476 406507 -28166 868880 271770 -482177 128995 148861 283529 -334972 838386 729186 751600 -216841 253600 -689643 -864945 400260 -898826 -720433 256423 924444 -176906 -504141 581020 638165 -978711 744264 -65026 763212 453014 984393 264481 849850 442445 -16173 -669691 551868 76309 595105 -940728 -490023 730394 778781 984844 239745 -715078 -794548 468113 -312682 603194 136592 -475427 977670 562400 578013 763525 -107318 994016 832744 433110 946020 -242216 -852614 -286585 342652 115091 -754839 -568773 784976 -11425 -463152 -595404 362592 -466692 -970621 719335 -580086 374644 331435 626898 -377879 376539 -583651 929759 350105 -872846 978261 357060 53337 -846492 -888611 779881 216635 294730 -538390 -156065 508005 -715001 -284659 -160405 -967883 584421 -365410 546530 378611 66609 950505 -924366 -190914 73140 277384 -876769 782599 169201 31853 -550686 602731 95566 600672 668796 -374588 -282622 959081 -232409 -978457 251017 -302677 -876379 -469666 -935664 706631 -231379 -848332 576054 478046 -854636 985399 -761475 398829 913747 854690 706088 -717089 791413 -668272 -524074 787481 -250218 481520 604361 -190625 364967 33727 -973327 -383829 273575 23096 -220416 431554 -808999 -876832 -614518 -467111 -426078 -919978 843080 -256009 -3095 111814 -416493 986076 183076 -877940 -711669 581970 -260155 336101 -609610 -458960 -433194 -55331 -871985 -960701 -988473 658584 923473 799437 -788206 -950167 40732 746912 157801 -124087 88755 -796388 -954722 -444442 85404 -306477 -819664 -809997 -47790 -79545 -859193 835865 -439664 -197481 -933928 552822 -938026 313355 757919 -815784 367939 -201373 154264 -851115 -443678 973119 -49141 -721975 -211399 153600 991945 474663 -239268 934229 -324018 722252 69076 -844401 910044 -986908 -527914 -916134 456617 658021 580329 -61918 -974347 -107224 -538756 -88780 312557 341579 -901697 676309 -737361 -824829 254667 277389 -77786 -255245 414179 -762992 143820 962664 -903817 365945 -806886 -828995 -392753 -159861 68971 -914967 -480184 -336353 949755 -430275 373267 606279 -318876 414558 972973 -835048 856185 -924543 -140591 -723183 -826346 70574 -962586 731932 -414577 -806534 -109962 330553 88874 17795 -686606 84134 -673580 695360 -343844 -336770 73510 -703621 -183277 -914797 272407 -955851 224429 379376 326635 -762222 -738698 530189 950841 632729 -434230 -296474 -935590 674174 -57854 -426630 -102229 -128165 -36614 29643 44881 -396212 425672 389533 -344981 -380445 -776939 319008 523428 462271 739968 929786 -33053 562952 -917488 -958510 900694 683841 742076 487559 732621 -63075 -560244 359388 -192027 525252 -177791 -400706 960313 67283 274434 826937 713844 849497 -618266 473824 -894528 -45016 630962 -52317 -621931 -854419 578399 -517883 882475 719431 -654597 904737 -63738 -401864 -691351 670575 -350401 -561051 366739 839284 -928276 -938425 513908 958404 -824905 -420488 -795191 -691547 81718 931462 78659 702560 -619205 -572436 -434463 -920190 136472 673349 -666937 -945312 -691154 360519 -747114 -545728 -4015 -574729 -421093 677576 -150198 -188055 -564705 465233 -739130 -58356 -325788 818074 674461 -147346 92976 523616 818399 -486931 -192389 -322518 168293 -452604 997907 -940448 -367086 -775033 -314078 686242 -761084 562061 454392 -918939 -641800 -178284 572156 -957569 211587 684279 -767788 13858 -950585 137411 -765193 833748 486140 530020 524755 95495 -843916 -758039 -803763 64400 -934855 425362 -285544 -673460 92035 616601 -236233 682344 490953 -768634 995501 -378620 -955867 -247000 -920844 964074 -925709 295289 54169 -86746 -19736 579360 -772053 -151029 -802842 -191377 372901 347012 286916 313446 -405397 -215677 828308 -872667 981500 -396772 -151840 -442179 -757414 836928 359618 -598656 -208054 -180192 346563 -699486 96446 -426762 -773348 365662 64289 -817234 -822998 622465 -630072 -557444 741333 -363781 441114 882394 631458 352289 432687 -450247 295629 89766 530756 476722 187831 -805118 410069 250879 447298 84475 371720 -781575 102646 -612525 -623828 -271377 737755 -272568 -387718 185592 -953964 -222536 -172611 -496706 408346 -933427 -700483 -729788 -980778 -997943 958805 -782487 -983086 492192 -693485 926818 725994 -824974 -365461 256898 646816 458023 915275 550939 664229 341915 -49541 454644 689237 922617 907805 212888 -883502 -766798 19047 185771 -737804 -103613 582572 282634 519162 -846714 460308 923132 469349 822672 539283 -263109 858367 -294345 277300 -639306 -380951 -531354 -841720 -985474 356890 -577443 589132 -472959 -324586 -727528 -869503 -745318 587982 540725 -153222 -857994 574333 10839 -649364 -499562 346606 691539 421439 643831 308481 680343 859202 177397 -492388 -652142 143536 595925 -533366 807087 -427321 912999 772667 -975280 -727064 -615687 -505027 -468689 418571 -391101 412417 808691 -808329 -175713 620697 310412 981706 -864421 -887094 -228659 573614 -169388 976654 -390629 -721240 -201800 1652 -610140 -720821 -220107 -37276 719078 653534 795825 137885 -579615 -993989 -817514 62857 719673 -404504 5174 308534 -799941 306237 973229 -396431 151399 -738274 -205409 -845792 -825766 -715395 517356 -592230 740978 -512768 -206139 -943350 -913043 -894592 -269769 473422 -181585 714164 -277476 165584 -327317 356584 232570 836148 565950 10430 -596494 445383 -207553 -124837 186851 -3228 -530429 -744969 -495067 871916 -121444 862942 -275604 186412 -776779 -403134 848602 619018 31099 -569071 201185 -780486 -404575 -273635 -283566 -593088 95466 690445 485712 913981 -835598 453965 -620246 -950722 838727 -736491 -61871 -99576 -831813 409257 650938 -553677 603064 -78344 -902444 405749 436898 -741527 525181 -454818 -527782 660298 -458 20741 -138043 -664747 -561338 489087 -286273 397806 -156498 -603915 -728486 888866 -168817 -825627 -788574 -967012 -358417 927607 964130 -375827 -932379 760239 665481 158400 484673 23187 274747 -219779 -874128 -183134 -975694 -588741 786533 -724491 -503189 -527253 -931684 -359513 -973670 352266 548911 -687594 -809930 451067 -556400 -223662 714256 998171 -690691 216440 788390 518773 386951 773823 -454292 416334 -596777 -800091 -69653 833664 557635 936122 412734 589857 -526769 -764768 598928 673818 -134946 214030 -685834 44687 998329 864541 -482698 -375563 -996355 -373030 -685787 -892664 628763 -416263 -876535 -350953 892308 926209 692495 263404 -723636 523073 -579697 -681171 906141 664020 576819 577774 564072 458773 877273 157869 349719 613587 -372713 -783677 -44940 -463695 662389 -756558 -190634 441144 503171 -330912 239475 24862 -456081 518739 -334548 -651699 424028 985127 -939925 -926030 -930625 -493151 930945 -360115 -874167 817720 -545019 11743 143873 -780836 439035 365136 -704890 -921237 -691942 -721387 57056 -389763 -718823 -808677 -431000 -998584 748837 250283 -954019 -563346 286831 -793842 -377678 473918 575787 361109 153840 363991 -777939 533408 -431952 -36000 -208859 -620449 483697 -265540 -825952 583038 -10220 678185 574999 -380742 237729 495222 582444 -867232 -77011 -311908 772568 882934 -844626 -757773 -34082 269744 397337 -608325 -356824 503644 -648785 -256102 -264601 128186 890699 -318908 384381 170236 259760 -13363 479418 -348579 -22374 641340 -223791 539186 630479 715380 -522177 -353858 528674 -971381 451331 -141831 391418 755975 204532 -470490 732402 -54794 -399238 821349 -237804 548748 202351 -767899 -122012 -155826 193493 -799865 -802683 -665950 -40257 271307 666194 -925865 672072 -213377 102450 -179450 401465 -834537 764000 -246811 -956956 -587738 -575138 -113025 -981068 -730712 48987 108710 530481 302532 -838355 955639 391269 714648 -956218 744670 292591 -471141 -117059 -658976 -225158 586020 262387 -231940 262953 -245970 368140 621778 -139488 612802 809438 -525112 -864188 -568349 858984 -232297 892360 967200 -856011 815022 808525 237229 931490 -966371 -913773 895852 720588 -593116 66451 338394 270999 268961 -143514 -948288 10911 823999 630576 273617 -676080 -640332 1496 -806518 -291539 -411076 -427883 -534185 545761 998180 -562729 34588 120323 48614 -244807 290831 205098 796624 338061 -470261 -894222 -114844 -188160 -109302 51231 -125997 -751204 -621752 899394 758702 -735780 -251802 672296 449579 -238790 -217698 189429 762295 23279 -705724 -347045 161029 -875440 -858368 819188 721132 -113000 926593 -288426 423123 277209 -79260 -125436 449567 -896887 -625398 -616098 -646012 -330168 -39886 -767443 -361630 -511588 -142892 -947339 -664160 211237 949186 409367 -671020 -690743 -845020 -22303 384323 -699396 654062 -793294 -187498 902106 -839619 -615622 827982 855960 -437027 -397061 738954 -870850 351220 -424858 140592 -861556 860234 -743894 383137 -704720 -642904 -930787 -565516 -91250 -641315 -71874 921981 -180030 -676898 879760 -750056 866053 -61092 919965 297682 635233 317487 -545221 584356 707209 -246550 -740641 -852711 -774960 -171882 -226672 -459752 758156 695399 -304068 840739 900777 732170 -703087 -701960 -338747 627574 -186950 897865 -409151 777032 -508740 -951537 -374535 -3304 -244435 -685644 -779730 -513185 575426 -25262 -946409 833914 -875637 -638595 -577598 205315 -625837 970600 -160554 848640 13947 -420522 -598605 -116268 175215 -26411 933093 342634 -539470 864484 879128 -217262 -375412 -766727 63654 671831 33316 329853 165033 -127632 320439 371393 -139638 730611 -657717 650127 445227 345729 -682144 70595 -751250 371890 216673 578620 31509 -117606 -840040 761804 -423063 914705 -957801 932136 -808327 915483 599807 -708052 956180 852492 -394220 -534245 416112 -767657 -468828 407753 -615275 946114 969297 922111 400796 -841105 -682832 620371 130186 262941 398789 497641 410279 548316 255791 -840444 679937 779891 611821 252217 -998026 714320 789683 480572 244812 483205 -583449 -580210 -659426 -506404 927611 -122787 604101 242295 -126241 -510770 -766747 -147348 751885 231795 832796 -209653 403062 -663486 882467 -801591 -922064 920367 526218 -339534 -5754 -595242 597842 -231548 -186228 -855878 261957 629468 414114 -539318 -208013 114143 692533 567766 778802 481584 391561 917959 -459547 -233635 789521 67196 -776947 434476 -12954 -249379 -275008 603795 861563 -186891 833916 -179625 -48462 -414758 619797 -41317 -266649 109476 962873 187501 -824525 258231 -64227 514898 837816 778605 -758294 243820 34071 -320760 -636053 -263557 503769 49827 -446314 390974 -398629 55460 80356 -289702 919585 263822 425217 222914 -43591 -854032 392097 687394 -22182 714940 -812967 -674520 433235 804671 -125225 -127856 -512847 -465915 -28987 199838 381724 -644267 -847201 113868 -863327 -230490 -824617 585352 520764 199633 -895300 -131458 592037 -531366 -829175 -204821 -757373 40766 -633015 -324283 621349 330336 148066 899948 -67952 -775786 -218201 -275128 27252 650257 -153458 -249029 -80628 476165 -103430 195958 644188 -769571 313240 501908 997544 -707428 -113602 -410057 654748 32394 -433934 431615 653448 -347723 631345 542143 455147 -514290 -358758 -622241 87512 -909381 820078 517063 806683 429478 -232608 381979 -313576 -732550 173676 524336 -98831 -269096 -426949 -951601 203090 -302590 -919953 854779 -344166 -53253 536991 -465851 952906 320862 57657 -362630 52405 762178 -840612 -555414 -204376 20830 575908 -681224 -814050 -13527 399196 -504483 -611757 -791911 660636 797225 309654 -900426 -889933 934523 -298294 -550829 -557752 767908 -477111 397142 790042 323724 778067 -445347 776179 746817 183031 -358806 -398613 -920130 -51646 403318 84186 752573 36982 117453 -775315 -141244 -472640 813059 530306 210802 858460 -964233 651066 818822 927786 -193882 213259 537807 -220928 962109 604750 134975 533715 -366190 768113 -65312 -14086 -991320 225942 676066 -473826 -986929 -234530 -172122 -592775 54215 403794 -261733 -13346 -912704 -4299 -745398 202170 895269 999719 -365705 -516139 -314905 625822 666003 949401 -294748 -716025 -704915 -185846 803662 -603636 -738098 -112161 -427636 560833 -636352 552486 -73321 -785082 5385 429957 -881510 349527 484991 547324 142381 -819351 -507204 108110 -193153 363635 -166512 -200655 -13381 509418 -487501 417741 -134366 538739 -160160 878543 584902 -384444 -150232 -622483 667339 206577 -956151 -626891 625903 997016 -277261 -850290 -58157 733580 201608 697780 282715 76623 -244972 698870 235042 -275029 -53276 -67657 -620390 -977319 41153 -734157 -708699 356725 -363334 526696 -875200 -661566 551112 -706639 966223 34925 39482 14847 900827 -287590 522208 970426 736122 96061 -146843 202915 404642 616799 -221926 100829 -732859 -144072 299376 -949484 -731870 -482727 -884777 473103 114662 -578122 252055 -579400 901516 -593288 -35759 -914250 -581421 958904 829140 -101525 919690 416252 142190 969886 -789117 226527 -377954 136566 -531833 546604 -829186 -573735 920304 -245247 -875589 -528825 -668789 -884276 186948 -69989 45804 -337938 910840 -515001 811022 -322248 149563 -889418 159253 -170324 -290502 916561 -448433 183224 48776 -336408 -184260 248843 -767931 905297 -333335 -531282 -260645 793851 947030 -810856 -392095 -650657 602924 435619 -35586 911855 34126 -93786 -920459 840463 -631347 -328979 -406313 -969667 -849910 -391478 -827999 -529894 442611 -411734 -745428 718453 -710965 647812 -160251 267799 680089 654818 756825 351635 570337 -236163 -600959 -15838 668427 920883 589886 -293803 711466 -42501 -338976 -328570 561268 -22152 -43833 -408536 259482 -749471 17343 568349 874713 -905880 -757443 591177 387906 -197337 970236 419175 -265142 620346 -534520 913580 -796673 -202893 -132948 194180 572810 670255 636090 -949359 729816 417377 -551805 -456072 -30140 180223 -455385 -3893 644979 -868809 722224 -348505 604891 -533070 -800853 473315 -835998 657927 2741 -154598 478039 -872219 593769 720142 -333265 830473 890605 219929 -574279 876328 945762 -453618 796558 364938 300576 942067 117020 692053 938111 442725 272677 -986031 -395346 -668964 391424 -183807 966217 20941 -145121 319201 -77247 172192 -155357 763822 -514854 851653 855824 -209538 109337 -998474 -217281 -774784 933928 229303 23005 16655 905882 703985 -591497 600305 -704292 806107 484916 -11523 6946 957281 839284 672729 496024 -43709 -761770 345573 143863 361624 -844830 272417 -4168 -253647 851018 -730372 379803 147641 -113973 92850 -779066 -177236 255304 34708 -590636 -102176 -566795 -884833 -350125 701698 963629 -293136 262246 -786416 -376710 93037 -811492 563573 -671042 -530284 -667921 -317809 407385 195297 -897817 -952937 406140 63305 -702182 580498 -536340 -295182 903534 -236214 190994 840579 783821 -416265 521456 -114056 488423 371746 -744209 377446 -39484 -389591 329470 938469 -965055 -101379 551345 22149 -85529 -716470 980164 4752 633519 -6724 942702 -499383 789277 -63778 -50391 759503 -895680 714873 388242 -781224 -33579 -512710 -588373 -879024 -300592 900498 -304815 806382 466132 461840 -81531 -180812 -173956 -110 -459896 903488 612350 -141554 949920 -33121 -289375 -988844 351205 -407761 -713293 618796 591112 -1777 -244532 -386500 -420766 -154242 738428 -121859 591623 -959211 -487482 -996178 -809509 -872859 116962 -983490 261245 -254603 -107531 -578191 -79931 75444 835467 184737 477466 777383 133662 -699280 -558527 -307188 731986 -410525 331265 105733 -176674 542282 47713 557108 -353220 -918030 228331 377229 910712 506208 -915655 136473 357636 824114 -103475 571412 162320 718393 -669889 683124 -485284 -40963 868817 209066 -846500 269308 561385 192125 346370 635557 461607 603758 371193 161784 244250 183824 581111 -886841 868542 902127 359036 894900 -853987 771578 -789424 -974979 288593 -737554 369742 -397383 -876443 -544311 240821 -617203 -426160 -631672 615402 -154137 -286574 704405 -741381 956129 -27970 -78687 626059 390656 -689841 -375634 342505 160381 196195 -809540 44908 64041 762746 -697384 -100247 -132019 -591834 661014 -437721 -478308 377608 167328 -542994 378853 -341316 -104164 -280172 -354472 -804670 -963024 31530 955494 304147 272538 79831 302606 -659252 105275 306366 -360060 -214964 -342140 -798444 -974923 572777 524391 838504 -187505 -694421 -53860 -304146 -786428 -566320 760057 -430758 586483 -236731 -740487 584133 -284290 -242041 -251996 66650 659471 -20015 -14788 783874 -360054 -248949 172417 -677141 -961212 397744 596171 -282122 -656115 77042 -382970 -47390 16718 -81526 -420370 740013 469622 732084 732690 -209886 501771 -737935 -829188 379639 430095 -137475 -421523 471130 -276990 280377 643127 -960827 914798 4259 -748037 -429111 -1748 434903 -358574 -744967 -578876 113386 226721 -295832 372948 -325671 -159897 964119 -638616 186250 -597081 -795665 35074 -173718 -496976 306786 367812 14459 -964980 369713 972994 -559326 451436 554438 -868324 -257162 46137 -876775 -86375 226784 -651524 673103 -883574 592724 -318099 -134869 283466 481130 -454825 -201084 498036 -62508 -416050 498595 442908 -156831 -457468 599061 -942987 289393 368331 94710 889511 -660263 108353 -698064 732066 235695 310353 465602 -114173 14007 -51513 -836785 -383158 308049 196027 -558143 416464 882413 527138 -349704 372480 -811939 526657 398451 319745 -220236 971388 810865 -253593 -12319 -53748 -313961 -356390 551968 675855 206638 48271 586276 -447817 -68811 -698986 -457918 -142834 416118 301898 -669254 918871 118730 109357 -231304 -473471 -953755 337044 342437 -170705 -694328 21299 720785 182418 811136 -812462 -822871 740866 -711770 63628 -589662 -858819 -849167 817865 -790452 -988806 38426 330056 489490 158477 -887559 -277098 -159608 -506400 486746 930541 550617 17893 174552 -937176 347116 646611 33827 616953 -551890 -728256 849854 -971297 26068 -87045 -861631 -697521 18117 171119 729582 -27857 -368722 -654394 -493003 -837497 -103839 -992558 -162691 -372749 -508708 -550614 362979 -44369 -415191 -482574 661503 -219012 -130792 -788423 415891 -924322 531397 300160 474143 592062 -989647 -156137 887218 -958448 401738 412341 20632 -288821 334490 410394 498458 -964670 -455560 -843100 -396957 -178159 898456 838600 140079 90485 393188 -317639 835569 557533 350761 -880264 -931926 63309 -982317 -865249 -845874 986643 -381021 591065 -893782 234989 229872 -114660 30053 51700 501108 149153 -759824 980125 8903 -483681 -578899 861986 570970 -971091 -171133 -702190 -33830 -356470 -195149 782081 374798 -986288 657133 -693997 667895 -463895 136056 -417764 -556985 -762792 -474507 -412730 671019 666104 933653 -264539 798403 -714887 882164 785924 -784389 238480 -126531 -588226 88908 -773353 -7616 405779 360514 -10443 -11885 991352 -144238 278832 216798 165001 684834 -793857 775059 -192295 -225636 -698519 -639560 158984 787330 59556 914856 -79582 -295691 -579157 623575 -644014 747997 987773 404858 311250 955692 -503331 737980 -262517 -821102 416338 -453783 571740 -371280 -314137 878486 -125610 459690 389351 774653 -931214 -914693 -692065 -366750 -945889 907298 482229 121140 -27414 474735 -699067 238474 -198295 561514 -149692 795318 732514 128637 127864 804869 -287997 338275 581840 -636571 44515 -196059 -187903 -453064 14351 913983 -115997 -928319 -496069 281801 -752320 587221 111282 -925172 -340449 -381699 -927418 -623541 770074 744525 -372284 96211 39350 -261935 -277712 215810 -710486 -536814 980670 143430 -629959 -941057 -3528 -935176 -154560 -390615 -436211 -49783 -675783 692468 -851882 863465 -248891 -295405 258909 175145 730803 21501 916768 -479258 -354238 -21919 143452 -675996 109138 -931473 212825 -707086 -83978 -683347 129965 88687 104076 -40523 985622 672562 -70479 280555 -599313 -628969 -854759 365228 -71792 59454 -810385 18923 -429917 -848307 -583831 -420156 962659 -921860 -971499 -983290 -656911 681280 866670 337767 240037 -381603 789592 33267 -627385 529879 872157 393778 -669730 -484142 480457 -37212 -198392 662517 449726 -356347 182666 221846 -564932 -108445 763650 -751749 72387 256722 -418423 -952583 412452 608600 295880 -494116 262805 -137404 819760 159156 -671346 -514112 -408072 234470 592065 404177 189807 112695 -298151 777073 -407594 19439 814071 -510767 -461240 229510 -593181 -387731 -719155 -298147 -412333 -109392 965256 471371 317039 -894947 -893000 645419 722453 108 55085 789032 827740 -839159 415488 651240 -252275 -819429 881751 917636 -415156 -727817 887718 173116 -620948 473469 460802 -460519 534926 -844549 -688981 -360885 -406323 -50781 -639925 266924 -432196 -898482 -611794 123828 920046 -76327 317877 -887678 142739 209492 -214174 298440 -345306 688233 10339 -10875 -185334 -323604 -625831 -821213 -550477 600088 -190725 -172976 778911 -610342 594409 -348153 68248 446181 -967264 327656 -1123 252543 18392 670593 -715212 167858 -996178 888809 -221257 -864111 -609038 720411 701951 269788 -104285 128405 950966 347779 -775992 -198436 635898 155016 -544860 827941 -47156 -405978 302171 239719 267384 294355 781836 117672 -479747 194577 -204433 649716 -634513 -325227 582101 -322085 799878 371695 -532210 -41556 -992843 -858649 -264029 592703 -34821 -629573 -622941 -680878 674400 -155549 -28122 -453739 879383 -736369 529674 -771935 193290 -658739 -9883 181560 -660913 -161871 -942538 767758 428319 291313 964230 8273 402687 -917981 155366 780502 409946 711157 -767067 -808199 376212 -370932 -473364 -181221 -733501 677509 -953715 632667 427217 258488 -332157 -997914 -543726 -451613 614076 133629 749513 518661 -756347 781658 255548 969688 726855 363661 -962397 32190 -298890 651410 -618108 503023 769405 -405006 997732 921023 -410273 -879783 12729 731520 14117 166159 -959280 649091 53905 -787756 -441129 726090 -853072 256821 30584 938852 301142 458683 544787 -561270 689730 43870 638542 727126 -746807 -286242 -727840 -515441 638338 -944329 488798 -126113 -478986 -139339 668829 -479492 785171 788154 178512 -322201 574859 -272434 746929 760113 -184956 552044 449808 260891 -768472 -204498 -188594 -509775 -65957 410682 733128 603056 224964 -779696 -747324 770511 86246 184644 -744776 452708 953308 880737 -829020 178391 -741601 88885 -614026 37225 -955205 -382331 -679158 681324 280972 384414 -107365 -927024 -112279 497380 -574524 360467 -795916 839628 634132 -477121 -759135 -357936 637829 327658 -752864 957581 -438033 989887 349653 165723 -346140 -547713 -3452 720605 655656 522785 -351133 -975666 -290185 870093 816712 637887 -847228 -837267 267433 799635 -668274 639552 -965065 332989 -381433 893011 -156609 787390 -222565 104909 915256 -884734 495085 460552 -881372 -286348 126980 482561 403454 -437234 580652 -94472 948058 67016 54615 -277901 30322 360383 751778 729549 -682575 -900543 906658 -870368 -237266 567368 -634072 -26108 -428493 -905022 -583693 818523 -983300 -288951 45956 -316967 391829 370203 -830213 -700281 174685 -803090 538499 -564910 -469790 533431 -173308 -386920 -594187 -772906 -171592 954879 -213014 -819623 -871238 -629290 -570939 283926 -990011 -449222 212785 690497 39330 429041 999913 540829 -261443 -630372 352859 940233 -298569 -585368 839318 122181 -478502 -291655 -8802 -395577 -797260 393758 395071 -355836 -325624 591868 -262395 -455073 -731023 690111 -779151 -923422 -960694 535795 -657220 -862600 -454992 843550 152242 219142 -668462 -169368 -973653 681040 -156751 -948329 174664 199904 352523 -729927 286986 -999973 27384 589285 -900774 964130 314056 -873689 -49543 138803 797288 342894 305217 176900 -944200 -319653 238963 352749 -364419 834262 -940999 -92340 -83472 81786 -371658 -818839 860518 509137 193134 245934 703987 440927 452766 795902 128091 505237 -683279 -280381 180260 -296445 -444391 -29269 578409 -401359 707061 -923060 110841 891650 -997878 444763 639964 502278 310144 140737 -413279 -172029 536311 -483620 -504668 45805 668860 49894 -408398 932234 -664535 236284 -711088 863465 -748803 -233613 -715922 296756 -35343 373305 -821270 -611172 96424 828310 140519 548105 262948 85760 238934 -10178 690558 576204 332749 -747106 -158619 977064 -883908 -796442 840160 615066 130287 -133179 -918058 -147356 -43414 664725 -676523 -322487 803832 -113572 -612572 -741664 835151 464052 -974337 958310 685199 184975 -699025 17158 667138 621518 506839 -958965 592583 -393631 -365168 406720 -105213 830549 781816 -642272 819009 745958 214234 -11150 -127850 779803 -995622 -185936 447132 882653 932685 898090 -335721 297232 278524 -552088 -324470 313208 550896 -7419 -796692 994806 -348726 52759 -554304 415668 -901020 439519 656233 963824 -190510 -723211 -388546 653761 -755157 -963287 -382949 -482233 -297351 -848903 628424 791492 29450 -2412 -310560 -636357 592893 -229062 228550 199221 962214 -422016 -524813 -499964 67658 -335329 656583 324326 -714957 -662423 595342 -842441 -843540 33329 -995824 360812 -111460 159271 540344 -785357 358961 760791 -217108 317529 99698 353228 -113872 -224896 134274 -511448 -640793 -220269 -437399 -654389 327957 810800 23883 715015 -784208 -786641 -466280 -259350 414351 430458 -549497 177841 -564860 636150 -606258 933911 35982 -338590 76265 865929 364834 -922567 -889549 -507470 -638413 670206 712639 963398 -329477 -212833 -997798 699147 174870 -608693 -912467 907926 -816640 125941 104131 694228 281871 288846 385430 651234 74152 869481 -471810 -333783 398505 -642642 995453 989309 641987 -296334 356327 53136 -842152 396960 -694326 35294 -891022 53437 7819 -206574 -95936 -688083 -555689 -814670 -898389 30844 842478 417578 -536400 134914 -48934 572260 911060 -919334 887807 -136002 -108108 618624 -952031 -778546 430773 -768810 446034 637501 -71357 -848715 -458545 665968 140982 -228954 623424 675170 -860627 312149 699092 234369 -129086 -240102 540809 -281902 762325 -289543 -419206 379461 -435973 -105245 812087 12890 402681 654645 -801292 -871505 -103254 106385 -837773 679896 928008 686024 -720046 -648743 -816322 975244 763359 -655815 -907808 -259314 -673583 -565866 -117051 -936842 -600836 -560524 -545787 64672 -904706 -908791 491489 -502788 -249656 237488 433939 562773 54014 953938 -446696 895912 924677 -860571 124476 -993029 -50745 296836 957082 -884232 -981088 -531372 -65234 435019 161969 820389 908306 438609 630792 -535181 347547 -619254 369042 567555 191122 2641 681770 83801 461804 77517 -552331 151039 -288593 132845 713899 739439 356180 671186 -987989 -811561 -248169 -720067 342524 459018 381464 852613 -568519 851383 -266350 448935 383968 -267978 -680878 -836373 776563 -703716 280368 -15350 -374536 415564 -674922 5823 -944241 -54414 346113 158320 888636 357497 -953387 -157704 184183 574999 -285072 -12711 540753 975478 -722101 943061 28786 166685 -954160 110953 -537119 86340 751344 262074 -95672 914550 636315 -114557 -582920 981292 -572320 -416447 442 416376 -988372 -135024 -961257 -523709 910053 -964584 459409 834567 530387 -217576 745718 -811679 -866727 791817 -276059 268105 281750 437418 33522 938164 600493 107983 468088 751879 -49638 155066 -679359 755367 735972 527291 -648436 -200092 771102 -9186 -899359 -733071 -112692 997484 -119057 631352 -3264 386017 -171372 -404729 -376222 -116523 -789515 154999 -700059 205109 -171097 -956555 -80203 -546287 926185 456826 -546665 -572494 970826 -197913 -751146 258742 584626 -116402 540483 378227 534465 -180702 -696570 -469930 -873289 -683419 -723157 368650 -105546 671115 -843246 763578 -600715 -886872 -248335 512325 461633 -130452 344615 601240 937765 768578 751483 -890687 456199 318697 753714 404073 -249596 452087 157244 -95588 293092 -721644 241260 -107148 -515765 -121812 817461 -776257 843302 63718 -161403 742832 -102707 -764742 974301 57620 -199605 -477517 635490 -791084 -177749 892283 63846 607334 -116225 -714897 467330 -964299 445601 -689042 330714 -365401 368309 -545708 -30253 85805 -631654 455471 -766888 -43243 843805 -666532 -453354 518318 -802088 -430793 -997594 -492390 -295859 315528 714309 96760 328700 294354 -638497 326192 -862 398876 717517 -105442 291078 499176 -89519 -147129 461343 786520 290482 -78395 -745162 940707 682496 -198274 -457727 615288 -352970 -865816 776372 784322 324373 -757143 -77028 -870613 -629688 -319817 7269 841514 470819 27518 -152243 550903 -241933 668147 150680 -468047 498138 963825 -188791 472533 -295101 721015 430322 234444 -440894 -915270 282726 -175687 284293 690991 917457 -507804 650879 598568 269786 -939924 500113 840774 -443526 -601412 -52605 978160 700596 990651 906178 -218932 740992 -145064 -815489 382281 594389 40466 847223 934531 296174 379689 -852553 -656625 -227162 -286948 235628 914998 -690650 687402 854111 351413 -925164 -952394 769572 -520588 -876891 -343340 -132971 -104996 76243 -857830 557896 816419 -675799 936422 -175933 -568304 791508 542518 846266 -171920 -224548 -717122 -833505 610134 -998695 993628 -558780 -245550 -708871 401875 432760 -617198 -74761 255509 -653695 -200833 428620 -357475 976461 120383 315163 -569600 -630764 262508 654750 -674206 419519 649455 -275425 -997280 -345754 -209134 900289 -90689 -125649 -694379 577865 819551 -634982 110645 -225666 826775 -553004 -260128 648086 198630 -997825 -651985 -851493 229008 682426 942797 865291 5524 563680 -516132 373097 -113842 527643 781543 99653 -38204 348758 622089 -376950 -229555 -669985 643769 -700792 -71385 -903033 301827 -939542 -274471 -691648 -505524 458450 -399767 -917783 383341 -883760 -977997 -391858 -624124 662829 321119 825113 134376 -346087 780673 897818 438474 -264273 397844 173503 22409 -992641 922774 -754540 71020 701360 47065 488928 561616 486909 983256 587594 788229 -800417 -181536 590377 -82437 777485 -186718 -652585 -165261 -286821 -365922 180129 -346935 715408 543246 -336731 -790489 722089 -729952 -951050 599269 -132856 -480696 159145 141858 -160357 823528 553629 957987 691316 534338 992173 373899 -400991 888953 -988229 100501 909837 908894 -827667 -44173 -647747 -851823 744534 331360 687946 -234115 90666 61576 -959037 224593 -836157 746932 1048 -628364 -517059 -295507 688794 717307 -922757 623602 639932 83972 706010 753660 994254 782545 -671410 813936 195566 820091 387764 -450261 -223640 198924 270124 -606369 -597168 -669869 -387621 -490677 77901 -415517 -500042 935329 -367144 220114 -642430 -268217 -994048 -879243 443911 318179 686190 457915 837357 792397 572455 -920809 -199053 33237 193742 417280 966027 609580 -967436 109133 390576 959175 820403 685216 724607 -89662 321551 -597162 -255295 669878 480093 -555962 -669554 -595061 -520132 189462 -604059 772888 721950 992369 -864392 -445013 701586 -278193 457098 75233 126959 -667073 402011 -1212 533295 -33428 -438648 70672 375292 999683 -916863 204350 -190563 -52785 268891 642721 398971 -900412 -714557 122642 523588 -729258 932214 660241 -138939 660187 436769 463452 -460570 713422 575706 -540273 -623652 -331109 -965147 512200 313826 -202986 -233169 966929 541223 -661198 300026 -501726 -90876 908838 883730 633912 -977286 -55243 -605598 -777176 692731 993411 -388977 -502750 720023 -291917 656594 -172423 -169422 -244138 -231786 -486803 19879 -93536 297332 -648696 -986326 962382 556940 -607147 342992 -557787 706929 222585 965489 902343 109979 799994 -723874 326836 -712460 854900 664510 831931 -974497 -656026 -600086 -622077 -944137 84362 -89334 986994 506819 -735736 -558279 942287 -719631 -72826 457308 806340 -780894 677431 429953 -43095 -70730 97063 -897875 -151139 -189500 920981 191986 -429144 -224696 810168 -708811 759838 -694231 731204 6131 462062 -449353 447243 651944 -507422 -501049 -313234 -233459 -867874 534949 148030 -163028 -499906 147206 -327942 603236 -694283 -829641 -284074 409776 -954692 3018 498550 296543 -310964 126393 14432 910898 -30370 825659 221455 -207488 -628278 -629607 -305671 768134 -824618 397708 -786324 894813 -582778 206602 -556133 476368 -430714 -123666 996344 -685769 -968725 356409 281576 684471 867826 97283 -269224 -566680 510338 92682 261690 -163538 -511289 972195 248954 -483757 330938 132649 -957064 -6778 492934 -712701 -839254 -412437 849632 -35094 -981386 -284498 -550478 886843 -115679 372573 -23713 4864 -938435 -490943 -116255 -936006 198088 66945 8576 -315773 -78355 980726 121614 -705743 715460 247983 203711 -344050 349261 19874 -328576 -281022 156517 -475183 293216 240466 -232465 981416 707767 699042 299576 619665 -995718 403825 316844 794363 361741 -70627 817130 -116286 284334 -670384 -179918 488348 -304210 549089 -793851 -715875 453658 904592 563655 24952 450589 300808 -892551 13385 -164264 186203 378667 -401490 26086 -33204 -379431 -701006 316210 671639 951814 -421491 498818 -840996 906339 82856 -942116 647995 -536945 -790410 244332 467342 444922 683099 543744 920005 -52871 567046 742356 988152 112413 783148 -547696 -143713 -114049 -883220 -208697 242830 -136234 -212738 -984516 332887 -376246 361051 806439 -706845 -34301 -973474 452491 -98185 884124 748578 -757662 178228 -10809 709577 -299331 768664 357924 225207 -842612 911885 255904 -599482 127572 438960 309637 -156960 763374 744946 458857 -520569 -798355 629845 -837072 507959 -855677 -137178 757134 -373732 -12002 -11533 -915206 888619 194311 -839594 -147763 52253 -390704 935454 -149851 550314 79629 831179 578000 -830005 -535482 -944716 378364 -940101 -552557 -427867 -750304 -60007 793198 770443 808641 212800 102681 491976 785028 12819 -145457 -7634 -39866 -453669 828879 -926199 57635 413057 759925 790674 -494671 -242926 756154 -486575 463467 -980081 -405463 -496731 638115 116218 160912 231681 -740271 -22957 -178312 -410632 -500741 383304 944594 -694602 -150581 862234 415748 874123 523551 -777567 954384 -402679 -227529 752124 556605 -691266 678299 -406317 238372 -499933 1348 474615 -675611 776775 -755302 33672 -301868 -817291 140591 -505218 -7563 -55483 897476 -258139 187807 25123 99531 637311 -323080 563892 281162 152186 259387 809694 -843530 -99057 -413540 997103 397733 -28113 -907358 268982 840369 -517011 396621 352260 952458 166907 -940533 -600257 -159282 -78699 -187569 170137 530912 912536 195393 72932 356081 -330280 458424 393282 -299587 600663 -667691 -542069 -724815 888011 -331344 -392726 -719050 -39645 -66360 58178 -706123 -573928 -141000 -248201 -213015 589815 -90681 -877600 425502 311928 700892 -259249 -211708 -162052 438577 920751 70171 193510 -114858 -992539 818256 703909 -56600 555237 393811 981553 220601 -681687 -949999 -647646 -282336 -444018 -531221 -216813 903773 -530862 -427094 17668 -498861 881531 24515 -732310 733566 -204064 25519 -15787 -939171 81002 820544 913297 651740 -624245 168844 -449300 56722 -278209 534273 -462469 921724 -124797 -654663 70616 -380341 -575003 -196917 930575 328633 -975473 804689 619603 813746 86910 -384454 -59428 908408 -194672 576243 138853 913389 -607336 -796342 -314206 788929 -56107 -381646 283375 394590 -599098 807107 329218 -630046 -122938 -264353 -255259 -107187 635580 -800651 -843496 -827895 -659378 964373 774639 109951 655911 -298132 408230 95115 -451505 352182 -753220 -134919 -195918 133245 -973480 -469754 -170867 897464 -585276 656477 -413362 74543 -52968 731347 673477 -319916 356651 -230682 -344645 -497402 978842 597406 -719183 150010 -419431 926428 -722793 -401865 -242019 352647 -746105 -279168 -66411 -878597 812218 218936 -146736 -571111 89894 -627093 634807 -259700 774470 5383 706544 -471663 497596 347097 225281 -773971 -132444 -652977 578246 -158045 -242074 873452 -740167 -753644 -223324 973814 -635062 -539985 -125470 -594337 -411791 808377 477949 -785917 -609844 -991272 -233239 -465385 648309 -145620 -139741 -681349 422966 351823 462244 113037 430284 218310 307935 -914641 -699241 395104 551226 -969284 159842 -799849 -801024 -240342 549678 24686 -611713 653268 39184 -840003 111563 -113217 571063 -843924 938553 -138591 330817 127515 -662455 244974 -407383 304038 -806514 30207 635753 2288 430742 -843722 -452196 858089 678185 -839579 -446556 139241 974245 185076 -990389 -755839 -94988 -625839 -16346 -90677 987770 180080 -938438 -518585 -713119 -494756 -702178 -116271 -255054 -222133 725352 -985035 -740885 258432 907751 668853 618352 487265 -420127 910944 209837 -644920 463922 -967463 -112087 -412402 -857491 -184557 -56346 279592 850253 428540 -783289 -90172 699982 862817 565696 -753727 881957 352614 168879 -527224 -341225 283046 -902698 -402919 607474 205772 -33933 369719 904679 715777 -946159 -908336 176316 -503603 686888 683928 -224426 857900 -206257 904466 -262704 113157 -735756 -234563 298555 -21831 474829 -78158 -401300 905853 -879151 -237355 -564053 423084 448659 274139 -914826 -535174 -322357 728671 -448782 619563 27516 256811 258507 102023 -746054 578966 256589 -797763 363099 314870 -720488 -45196 -524736 -649691 -824598 -491260 69269 597506 -436573 -596471 268230 -106957 -932583 306901 -812192 421275 911001 272293 -264903 -66498 -824605 363272 -442299 384918 36463 999953 -744548 -858233 -200331 -829183 987884 -892805 -687082 -635674 667494 654045 389734 -45788 572103 -417883 162451 -954557 -109564 -805147 936199 275047 -861197 -186416 442676 152100 602330 57515 348609 395761 206993 867964 280097 -134795 -168620 605774 -388931 871472 -191850 -490100 980229 133570 184602 85957 588469 938489 186576 806 -799365 918738 245845 -610958 730860 -930790 -143019 92426 163560 205521 -167903 764575 669194 -535376 -817040 -927685 -935436 619406 -164748 -316660 755033 -354532 426063 348813 479301 -204818 350791 -914816 539167 107339 -457088 178006 -918341 885413 191313 434202 -160147 -61356 -142648 350597 -784697 -135073 -484135 -65318 995132 723815 625929 191593 789313 149528 -162002 967819 -482668 -66427 234354 -812207 -980694 121655 -430134 -511984 89839 909341 -873355 41614 -920607 -386573 -211138 -740059 -267437 -353408 907903 -299987 21521 942749 -990783 68712 -945965 637730 -615887 877478 -849033 936696 -38855 763437 -918985 -340282 -348675 328475 -547634 -906291 273637 -138710 241079 -461881 23439 -118927 390242 -456453 733644 -286645 -150670 -168142 -435971 -957139 138305 -180538 -828871 -266438 611475 787510 -302704 -17705 -602659 818258 -663231 -593629 -106362 -491519 -293970 288019 -723344 722665 -811339 794401 476177 578338 -955112 180224 -256201 959369 -586613 540084 -148925 610011 -50789 -303645 -330508 -792119 -382152 -269867 825444 -568316 -265365 780605 -557939 499586 275846 264139 953307 -897076 315192 -833360 -590879 -978046 282079 -513260 396305 697627 -891620 790984 21157 936845 -480427 -556627 900359 799252 854816 -333202 -194156 342787 -69057 -88027 -202564 553183 -499920 -819797 167764 646419 -977080 732699 -279615 84925 -569427 288378 693841 -228777 848950 -766820 -118860 168335 495926 220652 574464 456217 854320 118491 257264 -980940 -378309 973366 -270144 -892840 -278671 87908 768736 240616 -730901 447161 162705 873281 -50460 981110 960498 -508784 -995714 -405887 186585 381618 -977798 -151222 747863 -549497 -97346 251325 967532 -332660 -54764 805065 322671 57677 -292663 -400620 724702 806555 -451715 -650610 -506051 216142 623916 66278 598088 -941387 -792210 361823 -423448 -406556 -493638 987550 -611573 553085 -117150 136642 -447475 -679171 -467231 -903749 -797951 347527 317146 -285776 287609 -166776 -975767 -571093 -862551 -757066 647550 700855 -106974 -555534 -390049 -328369 990634 202404 -798593 -858950 524963 138140 -176131 777268 -979941 -602612 -593299 453645 73274 375093 560371 948099 248176 -62345 625871 63991 711604 -54864 865920 -312973 920449 433831 828788 -551078 67050 -688507 -296518 -526014 519196 -331375 292203 -85540 11554 258036 721844 -132116 -888830 -360825 -971793 -937173 -439961 44616 630613 881764 641762 -846334 -854401 -76090 -895455 -797670 34244 276564 283114 992209 -583284 339096 513658 -173489 903639 446073 956742 -596153 -820065 971509 -903696 -200742 -914239 -449231 814128 -391898 807238 -470931 -871101 733334 392878 -276775 -335700 -527487 441497 -28864 -334724 277002 -239067 -37806 -620044 -210196 -413048 -845429 -66821 -884833 -661104 -582393 367175 900476 -81661 33442 734104 787962 936444 282852 -451278 -202535 -485941 61463 -502850 -531504 -534574 -604349 -817525 -132670 932042 -368005 -896194 -937975 -948989 -693830 -825326 -182827 69726 -980590 295897 953159 383779 -861661 -817527 267165 -863890 761893 184623 499217 -279073 -308360 -319860 867705 580889 -524682 -959709 -379542 534396 623730 -978370 536192 -734469 -22407 -260640 -999491 621215 702047 926470 -464700 416823 -622276 445031 977018 -641975 -986363 833237 678143 -373591 528967 846263 -709104 -385942 716662 606794 778243 -771240 -904511 -650457 -528826 153903 877935 746355 -951412 -181659 -194961 761023 -940690 456237 811723 -419709 -190953 451709 790894 650741 236800 -391869 546754 189121 672186 -142549 384377 -810578 789978 838355 -569103 -762883 173502 -231140 972672 -727672 -414420 -110335 -234306 -911287 589360 420022 -416282 -980902 -367509 563179 18056 -737853 -499075 -348665 6462 295540 627368 126434 76246 181852 653490 -781695 -897102 -493085 -546428 -818988 433205 -952942 547688 -679958 871757 375592 135107 -464682 912780 953183 -634485 -231008 -864195 -734256 -103220 -408880 -967579 820022 -520488 996745 -975314 -30127 -27113 919878 -475514 -160242 891369 -894798 979006 -289246 -209214 687838 -753444 -882463 113642 -491789 103042 835349 -798623 610948 -939744 875916 -412161 -57451 -183529 -906353 -240288 -450347 -985992 -749964 726763 -561451 -339188 287930 -632733 806477 307306 970347 908186 -155255 30551 -920077 56918 -464324 -518538 -991364 616737 -591576 -193871 477862 -834074 -518861 597759 -834 798828 760904 955364 409582 -428139 -646435 -673432 -415095 -774892 -560234 824675 825952 -205280 920901 -891358 -52099 -388044 681167 155259 966039 -626161 -920897 -57210 769516 381484 63668 387181 438382 -536613 -992855 723306 227923 -710102 347218 -816789 561962 608667 495919 -288472 -819561 819105 152849 -245361 585293 -287987 -944427 -621559 235169 -539692 -540175 415994 -412775 -118479 252368 -845577 548742 934937 -123855 -965750 399272 -180095 12136 679904 914892 -601920 -578685 184304 -14010 930682 -721650 877336 -776418 967646 159283 729745 558979 -48512 -414681 -664520 632056 -602404 -6891 881854 -204393 696563 -114234 -148789 432778 47981 980705 225120 -638332 -254813 -475445 -653943 -485815 820923 593810 -70684 740931 -738047 -483208 -929942 -625962 411072 -109666 977551 782026 -24624 462208 -173304 968195 -811387 -142689 854215 766857 417239 -808294 -811715 214510 157734 -448082 -248749 -668606 -765154 -153566 551651 4687 511345 101897 993086 367020 -987957 37063 819279 -596786 -478867 -476717 688082 -332227 852665 654458 -734068 -322950 -192907 -994208 58498 775294 194054 -312665 993915 -192119 481147 266285 -652468 -593346 -6988 -386681 -192304 -95849 451520 240098 590809 -151151 529577 196289 -892360 -447763 -995313 814554 291610 756390 -164372 -617811 -900188 -770732 -104124 391069 -151141 -778314 -278850 -139733 -767623 164687 35948 631581 -684901 -55904 13118 -391504 892883 209824 -532818 586566 -127970 -284540 663567 -7397 -190859 -385720 -438453 57465 403237 626549 4694 348262 168549 -415469 676696 -616847 -876767 543428 -275576 27465 291755 -366450 624686 808678 935955 -284402 762715 542334 -942811 -296410 -657265 -358531 120322 497157 -161746 886910 531251 320779 453627 190628 -687954 2278 -125060 -138534 11140 -958731 932161 -930396 394413 920307 -635715 -456882 -231692 -740772 -931446 -993349 -895822 633761 -111175 280144 399746 57290 -772321 191487 -177810 470536 14757 850846 -903429 -64010 513687 -461398 -506397 380484 -839662 -292158 -657466 543716 201825 22575 -845042 585196 584732 -706360 256649 784623 -2053 -532919 608325 224307 -971352 -52836 -252445 250275 -492847 -451494 -36651 759569 932789 -163239 704581 -10074 3825 -866085 551124 350675 990169 -921685 -789472 -995942 -505283 -734264 -946410 558488 -797144 -728823 -140616 989675 987919 -829687 959233 -829573 -748078 634880 593735 -744436 -678976 357804 -648127 -201814 -314358 491935 -632029 890587 756422 -438835 170647 524735 -555657 659247 138282 -122450 125911 -935026 39931 764033 -492558 -258112 872507 352942 61974 -219201 120705 -749822 945207 -750966 531794 825674 752671 -670914 312680 -467594 -740446 351757 -722281 323735 655805 -376000 -142354 -813520 -984419 878523 936347 -875591 -947165 395303 950961 -774738 136578 484971 -520861 938490 843652 386498 -64252 -434341 914263 731625 -613435 897389 -159882 337072 -282109 -386854 941181 -551175 -764753 -676146 889729 -141388 -940275 516251 -810798 -181270 -231808 -882536 -770349 -730187 -980215 -433319 949581 31319 373682 -213770 -205600 546135 816404 525002 -36555 511239 521161 -17438 41040 309053 -932817 -756898 811409 -788074 -598510 839947 373287 -401018 31720 793620 664539 -854370 -250745 -198873 -950426 407979 -569112 -451491 743004 275857 897695 820795 85718 -101745 -561828 -295821 495254 -760081 983173 884382 380911 833760 335332 146393 984539 -524301 678616 -458623 -496735 -671764 -244570 431845 -485779 924404 441393 -996897 -325745 488317 -509779 278236 776132 899050 -694417 -812703 228588 -710802 -784867 721503 -73752 -125120 307700 -880201 168573 -495968 -790429 945165 -628448 -353227 -954638 -110515 36977 817045 -9652 963904 809534 -322803 242555 521861 539833 -327543 -705969 492903 -570696 -74798 -940646 289905 248858 -772509 -759782 765659 845777 18647 -125422 855215 778822 -995073 -818340 -844853 -245609 -340753 798567 -329684 427600 14995 966199 616265 613449 719748 694338 -761225 -782521 -391652 211699 951830 408380 -937119 974247 10249 716179 235368 55845 -719353 422116 979513 -201593 148207 -852521 309613 287775 815837 -25317 486819 -807765 -123601 488410 657834 634123 -516517 -229588 738065 -39760 236919 460294 -246571 737192 412122 -172205 -400219 967142 -573131 922555 673767 974298 -465224 -295241 245754 -625885 -465174 -589248 652460 -969799 318329 -958855 -416868 -36471 302499 837999 669981 884370 -283821 387977 -221740 -996804 91140 781692 -525551 719886 -994377 478722 588519 412065 -216800 -366619 -948766 -618701 -384467 -777809 -685320 767624 55344 71170 -146478 932335 80096 400238 -209688 184907 -663188 -694633 832192 412852 317182 -920199 409537 998037 996239 -393884 -236253 490990 -368352 460021 -774921 -330088 336282 548679 587012 188964 452213 -148075 544376 -547131 757199 87107 333316 -838582 -879807 604244 -576648 -474877 -421985 -233410 323431 -707663 -242686 -690798 899680 342847 640230 846901 -545585 439252 742430 757262 -635970 124208 -675373 -478394 543831 296775 -170275 703275 695606 641235 -247977 -193366 -121470 784810 -918703 163598 -459210 628650 868804 769713 372266 -343230 347846 -830490 -913614 739263 765686 -912429 702777 630742 764364 468509 -170695 -494238 924947 152935 -913968 54216 -451840 746686 -711682 -279432 -596885 -558171 -913041 -932540 -823658 363446 -937677 849942 620350 -687916 571251 -484210 30029 -148476 916045 612461 -621610 119856 105427 -841345 -252152 434242 -131920 -417805 -681152 992584 -845361 -845635 282159 309376 51325 125785 460066 -737740 -51718 -571378 -561027 962834 -407264 -452156 -810965 151760 151659 345805 -810321 -662779 -773429 576407 208230 542757 -560627 -721923 -722551 -108107 263280 -327397 -622056 961370 765009 649902 -901845 -620372 390349 610012 376617 3886 -371246 795032 879382 612108 464781 -564025 -357973 979812 305509 -791686 -727408 477577 843050 895691 -709706 -8213 220931 -98673 717108 -274016 796016 118013 398487 735237 -226541 516154 274429 156314 703786 540607 532842 -538624 427099 128833 426477 462174 -116514 929947 350513 -55184 157030 -835793 677543 -530386 -995779 821509 830081 256611 512451 -312827 -629902 -124391 -146838 -689937 -839032 810009 166993 -9369 -467917 -858590 534195 -144046 -772889 -817276 493680 -743343 -564270 499427 96222 -293641 32924 761503 353716 -993132 786203 589125 178433 16095 -223850 -88784 -313135 -341384 -545669 827632 783605 438399 635902 942790 245874 -65701 575807 -101228 42571 -961091 10167 955902 -976035 322671 455939 -887413 -463993 747733 269565 984528 854919 703859 -230281 571010 247431 835604 824661 -652451 403688 -231208 360740 -652387 381032 -126980 943265 -489244 814028 -681024 635210 6761 940382 964801 550535 286947 -541687 743732 383583 -87861 -5969 -138756 917396 -774657 -608878 1447 191920 -21785 950572 -713734 730611 861591 -418127 -130642 422518 765487 822361 621881 573006 859600 641126 -409739 274825 100973 282103 604315 452387 286111 409302 844929 435081 -438343 -353361 -758998 276387 -480690 -829771 -844913 -805688 990734 -506840 953816 618174 102663 681675 964069 327801 224094 818604 694534 -87845 425128 -941715 -667335 969444 49928 -454593 359242 528238 608698 -680663 -166256 -749295 -47505 -692189 -233565 -201099 380790 -348068 905162 659864 -732362 -781058 -228039 -150747 223337 698984 -370345 267030 -306276 243682 774400 218359 628758 490079 -964554 204387 538056 -951424 -483896 -400949 591438 533878 956449 -258707 -236080 220705 -143273 945715 673473 191431 729446 262919 -166599 -8118 -763278 392589 -531328 -526444 708739 -174481 -268918 289641 -421194 -170962 -641544 702745 -585704 -369821 -40842 -636835 -496078 -524791 -787763 768122 235758 -815090 779599 -201117 906589 540335 651881 657191 216454 -546929 218949 924105 188244 979035 21468 24933 497482 -569866 660948 -366035 -164818 -529488 135867 -588878 777600 -934639 -52889 -24112 -59912 -622370 -435365 -508080 -292432 174123 -212269 668173 -161732 -963337 55347 -834751 461386 423902 171653 -715006 -932392 792078 977160 -658826 977004 -93868 -57225 -568119 -62624 426597 357815 608860 -349084 -31947 62200 -201860 -840560 348586 851302 -780362 -624435 254507 -119969 -769732 392707 -540738 -625200 -804101 -130159 482039 747962 -549374 491958 488090 989343 350147 432075 80317 488001 -883209 -545138 746714
