8
-1 11 9 6 -1 -1 -1 -1
11 -1 -1 5 7 -1 -1 -1
9 -1 -1 12 -1 6 -1 -1
6 5 12 -1 4 3 7 -1
-1 7 -1 4 -1 -1 2 -1
-1 -1 6 3 -1 -1 8 10
-1 -1 -1 7 2 8 -1 6
-1 -1 -1 -1 -1 10 6 -1
10
-1 29 -1 -1 18 39 -1 -1 -1 -1
29 -1 37 -1 -1 20 -1 -1 -1 -1
-1 37 -1 28 -1 43 47 -1 -1 -1
-1 -1 28 -1 -1 -1 35 -1 -1 -1
18 -1 -1 -1 -1 31 -1 36 -1 -1
39 20 43 -1 31 -1 34 -1 33 -1
-1 -1 47 35 -1 34 -1 -1 -1 22
-1 -1 -1 -1 36 -1 -1 -1 14 -1
-1 -1 -1 -1 -1 33 -1 14 -1 23
-1 -1 -1 -1 -1 -1 22 -1 23 -1
5
-1  2  -1  6  -1
2  -1  3  8  5
-1  3  -1  -1  7
6  8  -1  -1  9
-1  5  7  9  -1
6
-1  4  2 -1 -1 -1
 4 -1  1  8 -1 -1
 2  1 -1 -1  4 -1
-1  8 -1 -1  2  1
-1 -1  4  2 -1  7
-1 -1 -1  1  7 -1
5
-1  2  6 -1 -1
 2 -1  4  1 -1
 6  4 -1 -1  1
-1  1 -1 -1  1
-1 -1  1  1 -1
6
-1  1  3 -1 -1 -1
 1 -1  1  3 -1 -1
 3  1 -1  2  5 -1
-1  3  2 -1  4  2
-1 -1  5  4 -1  5
-1 -1 -1  2  5 -1
5
-1  2  3 -1 -1
 2 -1  1  3  2
 3  1 -1 -1  1
-1  3 -1 -1  1
-1  2  1  1 -1
